1 0 0 -46.4921 -22.6098 -11.8639 0.0000 -12.0184
1 0 1 -50.9082 -23.0766 -15.8132 0.0000 -12.0184
1 0 2 -51.3412 -23.5730 -15.7498 0.0000 -12.0184
1 0 3 -45.9131 -19.7673 -14.1274 0.0000 -12.0184
1 0 4 -50.8964 -24.7433 -14.1347 0.0000 -12.0184
1 0 5 -64.9226 -35.2024 -17.7017 0.0000 -12.0184
1 0 6 -57.6108 -35.0010 -10.5914 0.0000 -12.0184
1 0 7 -64.5017 -34.9920 -17.4913 0.0000 -12.0184
1 0 8 -41.1460 -21.3507 -7.7769 0.0000 -12.0184
1 0 9 -40.5731 -19.8577 -8.6971 0.0000 -12.0184
1 0 10 -51.3541 -21.9210 -17.4147 0.0000 -12.0184
1 0 11 -24.7822 -4.0162 -8.7475 0.0000 -12.0184
1 0 12 -44.8504 -19.1638 -13.6682 0.0000 -12.0184
1 0 13 -45.4879 -21.1062 -12.3633 0.0000 -12.0184
1 0 14 -39.9108 -20.4716 -7.4208 0.0000 -12.0184
1 0 15 -42.5325 -21.1016 -9.4125 0.0000 -12.0184
1 0 16 -48.5047 -21.4958 -14.9905 0.0000 -12.0184
1 0 17 -46.9814 -20.4812 -14.4818 0.0000 -12.0184
1 0 18 -40.7695 -18.2585 -10.4926 0.0000 -12.0184
1 0 19 -51.5138 -23.3972 -16.0982 0.0000 -12.0184
1 0 20 -45.0438 -21.9215 -11.1040 0.0000 -12.0184
1 0 21 -39.7636 -9.4138 -18.3315 0.0000 -12.0184
1 0 22 -47.8477 -21.0305 -14.7987 0.0000 -12.0184
1 0 23 -51.0061 -21.0803 -17.9075 0.0000 -12.0184
1 0 24 -44.9484 -20.1086 -12.8214 0.0000 -12.0184
1 0 25 -52.9618 -33.4819 -7.4616 0.0000 -12.0184
1 0 26 -48.1655 -19.4730 -16.6741 0.0000 -12.0184
1 0 27 -48.7345 -20.7715 -15.9446 0.0000 -12.0184
1 0 28 -40.0785 -20.1173 -7.9428 0.0000 -12.0184
1 0 29 -46.9641 -20.5603 -14.3854 0.0000 -12.0184
1 0 30 -45.6097 -20.5719 -13.0193 0.0000 -12.0184
1 0 31 -51.5153 -32.3037 -7.1932 0.0000 -12.0184
1 0 32 -41.0629 -18.0755 -10.9690 0.0000 -12.0184
1 0 33 -41.2209 -22.5889 -6.6137 0.0000 -12.0184
1 0 34 -42.6599 -19.1586 -11.4829 0.0000 -12.0184
1 0 35 -37.1319 -16.0299 -9.0836 0.0000 -12.0184
1 0 36 -45.5344 -24.3097 -9.2063 0.0000 -12.0184
1 0 37 -49.4610 -20.9293 -16.5132 0.0000 -12.0184
1 0 38 -43.8901 -21.9680 -9.9037 0.0000 -12.0184
1 0 39 -52.6546 -24.2957 -16.3405 0.0000 -12.0184
1 0 40 -45.4609 -23.4597 -9.9828 0.0000 -12.0184
1 0 41 -49.7278 -22.4367 -15.2727 0.0000 -12.0184
1 0 42 -47.1595 -20.4657 -14.6755 0.0000 -12.0184
1 0 43 -46.8059 -22.7555 -12.0320 0.0000 -12.0184
1 0 44 -46.2599 -19.6637 -14.5777 0.0000 -12.0184
1 0 45 -46.1558 -18.3629 -15.7745 0.0000 -12.0184
1 1 0 -50.2901 -22.6098 -11.8639 0.0000 -15.8164
1 1 1 -54.7062 -23.0766 -15.8132 0.0000 -15.8164
1 1 2 -48.2304 -23.5730 -8.8410 0.0000 -15.8164
1 1 3 -37.3609 -19.7673 -1.7773 0.0000 -15.8164
1 1 4 -47.7856 -24.7433 -7.2260 0.0000 -15.8164
1 1 5 -57.4821 -35.2024 -6.4632 0.0000 -15.8164
1 1 6 -58.0776 -35.0010 -7.2602 0.0000 -15.8164
1 1 7 -68.2997 -34.9920 -17.4913 0.0000 -15.8164
1 1 8 -40.7778 -21.3507 -3.6107 0.0000 -15.8164
1 1 9 -39.6007 -19.8577 -3.9266 0.0000 -15.8164
1 1 10 -46.8578 -21.9210 -9.1204 0.0000 -15.8164
1 1 11 -24.5158 -4.0162 -4.6832 0.0000 -15.8164
1 1 12 -48.6484 -19.1638 -13.6682 0.0000 -15.8164
1 1 13 -41.6845 -21.1062 -4.7619 0.0000 -15.8164
1 1 14 -39.8634 -20.4716 -3.5754 0.0000 -15.8164
1 1 15 -42.7985 -21.1016 -5.8805 0.0000 -15.8164
1 1 16 -44.2960 -21.4958 -6.9838 0.0000 -15.8164
1 1 17 -40.8271 -20.4812 -4.5295 0.0000 -15.8164
1 1 18 -44.5675 -18.2585 -10.4926 0.0000 -15.8164
1 1 19 -55.3118 -23.3972 -16.0982 0.0000 -15.8164
1 1 20 -46.0091 -21.9215 -8.2712 0.0000 -15.8164
1 1 21 -33.4758 -9.4138 -8.2456 0.0000 -15.8164
1 1 22 -51.6457 -21.0305 -14.7987 0.0000 -15.8164
1 1 23 -45.0060 -21.0803 -8.1093 0.0000 -15.8164
1 1 24 -48.7464 -20.1086 -12.8214 0.0000 -15.8164
1 1 25 -53.9036 -33.4819 -4.6053 0.0000 -15.8164
1 1 26 -43.4461 -19.4730 -8.1567 0.0000 -15.8164
1 1 27 -41.5304 -20.7715 -4.9425 0.0000 -15.8164
1 1 28 -40.3343 -20.1173 -4.4006 0.0000 -15.8164
1 1 29 -50.7621 -20.5603 -14.3854 0.0000 -15.8164
1 1 30 -49.4077 -20.5719 -13.0193 0.0000 -15.8164
1 1 31 -52.8288 -32.3037 -4.7088 0.0000 -15.8164
1 1 32 -44.8609 -18.0755 -10.9690 0.0000 -15.8164
1 1 33 -41.4829 -22.5889 -3.0776 0.0000 -15.8164
1 1 34 -46.4579 -19.1586 -11.4829 0.0000 -15.8164
1 1 35 -36.6040 -16.0299 -4.7576 0.0000 -15.8164
1 1 36 -44.2680 -24.3097 -4.1419 0.0000 -15.8164
1 1 37 -41.7561 -20.9293 -5.0104 0.0000 -15.8164
1 1 38 -42.9016 -21.9680 -5.1172 0.0000 -15.8164
1 1 39 -46.0484 -24.2957 -5.9362 0.0000 -15.8164
1 1 40 -44.7490 -23.4597 -5.4729 0.0000 -15.8164
1 1 41 -45.5191 -22.4367 -7.2660 0.0000 -15.8164
1 1 42 -50.9576 -20.4657 -14.6755 0.0000 -15.8164
1 1 43 -42.3096 -22.7555 -3.7377 0.0000 -15.8164
1 1 44 -43.1491 -19.6637 -7.6690 0.0000 -15.8164
1 1 45 -43.0450 -18.3629 -8.8657 0.0000 -15.8164
1 2 0 -50.2269 -22.6098 -11.8639 0.0000 -15.7532
1 2 1 -54.6430 -23.0766 -15.8132 0.0000 -15.7532
1 2 2 -44.2970 -23.5730 -4.9708 0.0000 -15.7532
1 2 3 -49.6479 -19.7673 -14.1274 0.0000 -15.7532
1 2 4 -54.6312 -24.7433 -14.1347 0.0000 -15.7532
1 2 5 -53.8137 -35.2024 -2.8580 0.0000 -15.7532
1 2 6 -58.5739 -35.0010 -7.8198 0.0000 -15.7532
1 2 7 -53.5700 -34.9920 -2.8247 0.0000 -15.7532
1 2 8 -43.7825 -21.3507 -6.6786 0.0000 -15.7532
1 2 9 -52.6022 -19.8577 -16.9914 0.0000 -15.7532
1 2 10 -45.5420 -21.9210 -7.8678 0.0000 -15.7532
1 2 11 -29.9831 -4.0162 -10.2136 0.0000 -15.7532
1 2 12 -48.5852 -19.1638 -13.6682 0.0000 -15.7532
1 2 13 -39.8300 -21.1062 -2.9705 0.0000 -15.7532
1 2 14 -45.4205 -20.4716 -9.1957 0.0000 -15.7532
1 2 15 -42.2493 -21.1016 -5.3946 0.0000 -15.7532
1 2 16 -43.7221 -21.4958 -6.4731 0.0000 -15.7532
1 2 17 -42.4219 -20.4812 -6.1875 0.0000 -15.7532
1 2 18 -44.5043 -18.2585 -10.4926 0.0000 -15.7532
1 2 19 -47.6472 -23.3972 -8.4968 0.0000 -15.7532
1 2 20 -42.9414 -21.9215 -5.2667 0.0000 -15.7532
1 2 21 -31.2108 -9.4138 -6.0438 0.0000 -15.7532
1 2 22 -42.3720 -21.0305 -5.5883 0.0000 -15.7532
1 2 23 -42.3865 -21.0803 -5.5530 0.0000 -15.7532
1 2 24 -48.6832 -20.1086 -12.8214 0.0000 -15.7532
1 2 25 -57.6126 -33.4819 -8.3776 0.0000 -15.7532
1 2 26 -42.7952 -19.4730 -7.5690 0.0000 -15.7532
1 2 27 -52.4693 -20.7715 -15.9446 0.0000 -15.7532
1 2 28 -42.2992 -20.1173 -6.4287 0.0000 -15.7532
1 2 29 -50.6989 -20.5603 -14.3854 0.0000 -15.7532
1 2 30 -49.3445 -20.5719 -13.0193 0.0000 -15.7532
1 2 31 -53.2356 -32.3037 -5.1787 0.0000 -15.7532
1 2 32 -44.7977 -18.0755 -10.9690 0.0000 -15.7532
1 2 33 -47.2580 -22.5889 -8.9160 0.0000 -15.7532
1 2 34 -37.6951 -19.1586 -2.7833 0.0000 -15.7532
1 2 35 -37.8226 -16.0299 -6.0394 0.0000 -15.7532
1 2 36 -47.9702 -24.3097 -7.9073 0.0000 -15.7532
1 2 37 -42.8223 -20.9293 -6.1397 0.0000 -15.7532
1 2 38 -43.9623 -21.9680 -6.2411 0.0000 -15.7532
1 2 39 -47.8721 -24.2957 -7.8231 0.0000 -15.7532
1 2 40 -48.0977 -23.4597 -8.8848 0.0000 -15.7532
1 2 41 -53.4626 -22.4367 -15.2727 0.0000 -15.7532
1 2 42 -50.8944 -20.4657 -14.6755 0.0000 -15.7532
1 2 43 -50.5407 -22.7555 -12.0320 0.0000 -15.7532
1 2 44 -49.9947 -19.6637 -14.5777 0.0000 -15.7532
1 2 45 -49.8906 -18.3629 -15.7745 0.0000 -15.7532
1 3 0 -48.6184 -22.6098 -11.8639 0.0000 -14.1447
1 3 1 -53.0345 -23.0766 -15.8132 0.0000 -14.1447
1 3 2 -42.7095 -23.5730 -4.9919 0.0000 -14.1447
1 3 3 -48.0393 -19.7673 -14.1274 0.0000 -14.1447
1 3 4 -46.1139 -24.7433 -7.2260 0.0000 -14.1447
1 3 5 -57.4329 -35.2024 -8.0859 0.0000 -14.1447
1 3 6 -54.7682 -35.0010 -5.6226 0.0000 -14.1447
1 3 7 -55.7499 -34.9920 -6.6132 0.0000 -14.1447
1 3 8 -42.8669 -21.3507 -7.3716 0.0000 -14.1447
1 3 9 -41.8886 -19.8577 -7.8863 0.0000 -14.1447
1 3 10 -42.4617 -21.9210 -6.3960 0.0000 -14.1447
1 3 11 -25.7122 -4.0162 -7.5513 0.0000 -14.1447
1 3 12 -46.9767 -19.1638 -13.6682 0.0000 -14.1447
1 3 13 -39.3198 -21.1062 -4.0690 0.0000 -14.1447
1 3 14 -42.5883 -20.4716 -7.9720 0.0000 -14.1447
1 3 15 -42.5795 -21.1016 -7.3333 0.0000 -14.1447
1 3 16 -43.7222 -21.4958 -8.0817 0.0000 -14.1447
1 3 17 -42.1989 -20.4812 -7.5731 0.0000 -14.1447
1 3 18 -42.8958 -18.2585 -10.4926 0.0000 -14.1447
1 3 19 -46.0386 -23.3972 -8.4968 0.0000 -14.1447
1 3 20 -42.5071 -21.9215 -6.4410 0.0000 -14.1447
1 3 21 -29.2359 -9.4138 -5.6775 0.0000 -14.1447
1 3 22 -41.1201 -21.0305 -5.9449 0.0000 -14.1447
1 3 23 -40.6756 -21.0803 -5.4506 0.0000 -14.1447
1 3 24 -47.0747 -20.1086 -12.8214 0.0000 -14.1447
1 3 25 -56.0041 -33.4819 -8.3776 0.0000 -14.1447
1 3 26 -40.6113 -19.4730 -6.9936 0.0000 -14.1447
1 3 27 -41.8734 -20.7715 -6.9573 0.0000 -14.1447
1 3 28 -41.7694 -20.1173 -7.5075 0.0000 -14.1447
1 3 29 -49.0904 -20.5603 -14.3854 0.0000 -14.1447
1 3 30 -40.8272 -20.5719 -6.1106 0.0000 -14.1447
1 3 31 -54.3342 -32.3037 -7.8859 0.0000 -14.1447
1 3 32 -43.1891 -18.0755 -10.9690 0.0000 -14.1447
1 3 33 -45.1388 -22.5889 -8.4053 0.0000 -14.1447
1 3 34 -44.7862 -19.1586 -11.4829 0.0000 -14.1447
1 3 35 -36.9559 -16.0299 -6.7813 0.0000 -14.1447
1 3 36 -46.9677 -24.3097 -8.5133 0.0000 -14.1447
1 3 37 -42.7334 -20.9293 -7.6594 0.0000 -14.1447
1 3 38 -43.8200 -21.9680 -7.7074 0.0000 -14.1447
1 3 39 -46.2635 -24.2957 -7.8231 0.0000 -14.1447
1 3 40 -45.6421 -23.4597 -8.0377 0.0000 -14.1447
1 3 41 -44.9453 -22.4367 -8.3640 0.0000 -14.1447
1 3 42 -42.3770 -20.4657 -7.7667 0.0000 -14.1447
1 3 43 -48.9322 -22.7555 -12.0320 0.0000 -14.1447
1 3 44 -41.4774 -19.6637 -7.6690 0.0000 -14.1447
1 3 45 -40.6806 -18.3629 -8.1731 0.0000 -14.1447
1 4 0 -48.6255 -22.6098 -11.8639 0.0000 -14.1518
1 4 1 -53.0416 -23.0766 -15.8132 0.0000 -14.1518
1 4 2 -43.0115 -23.5730 -5.2867 0.0000 -14.1518
1 4 3 -48.0465 -19.7673 -14.1274 0.0000 -14.1518
1 4 4 -53.0298 -24.7433 -14.1347 0.0000 -14.1518
1 4 5 -67.0560 -35.2024 -17.7017 0.0000 -14.1518
1 4 6 -59.7442 -35.0010 -10.5914 0.0000 -14.1518
1 4 7 -54.3661 -34.9920 -5.2222 0.0000 -14.1518
1 4 8 -50.8808 -21.3507 -15.3783 0.0000 -14.1518
1 4 9 -44.0921 -19.8577 -10.0826 0.0000 -14.1518
1 4 10 -40.8272 -21.9210 -4.7544 0.0000 -14.1518
1 4 11 -28.7870 -4.0162 -10.6189 0.0000 -14.1518
1 4 12 -46.9839 -19.1638 -13.6682 0.0000 -14.1518
1 4 13 -40.7126 -21.1062 -5.4545 0.0000 -14.1518
1 4 14 -44.0423 -20.4716 -9.4188 0.0000 -14.1518
1 4 15 -42.7492 -21.1016 -7.4958 0.0000 -14.1518
1 4 16 -43.0367 -21.4958 -7.3891 0.0000 -14.1518
1 4 17 -49.1148 -20.4812 -14.4818 0.0000 -14.1518
1 4 18 -33.5972 -18.2585 -1.1868 0.0000 -14.1518
1 4 19 -46.0458 -23.3972 -8.4968 0.0000 -14.1518
1 4 20 -42.4199 -21.9215 -6.3466 0.0000 -14.1518
1 4 21 -29.2117 -9.4138 -5.6461 0.0000 -14.1518
1 4 22 -41.2814 -21.0305 -6.0990 0.0000 -14.1518
1 4 23 -41.6468 -21.0803 -6.4147 0.0000 -14.1518
1 4 24 -47.0818 -20.1086 -12.8214 0.0000 -14.1518
1 4 25 -54.6253 -33.4819 -6.9916 0.0000 -14.1518
1 4 26 -41.1938 -19.4730 -7.5690 0.0000 -14.1518
1 4 27 -42.8612 -20.7715 -7.9379 0.0000 -14.1518
1 4 28 -42.0448 -20.1173 -7.7757 0.0000 -14.1518
1 4 29 -42.1888 -20.5603 -7.4766 0.0000 -14.1518
1 4 30 -47.7431 -20.5719 -13.0193 0.0000 -14.1518
1 4 31 -54.3413 -32.3037 -7.8859 0.0000 -14.1518
1 4 32 -43.1963 -18.0755 -10.9690 0.0000 -14.1518
1 4 33 -46.7546 -22.5889 -10.0139 0.0000 -14.1518
1 4 34 -36.7866 -19.1586 -3.4762 0.0000 -14.1518
1 4 35 -37.8793 -16.0299 -7.6976 0.0000 -14.1518
1 4 36 -47.6678 -24.3097 -9.2063 0.0000 -14.1518
1 4 37 -42.8947 -20.9293 -7.8136 0.0000 -14.1518
1 4 38 -43.1341 -21.9680 -7.0143 0.0000 -14.1518
1 4 39 -46.4938 -24.2957 -8.0462 0.0000 -14.1518
1 4 40 -45.9856 -23.4597 -8.3741 0.0000 -14.1518
1 4 41 -51.8612 -22.4367 -15.2727 0.0000 -14.1518
1 4 42 -41.2863 -20.4657 -6.6688 0.0000 -14.1518
1 4 43 -48.9393 -22.7555 -12.0320 0.0000 -14.1518
1 4 44 -41.4845 -19.6637 -7.6690 0.0000 -14.1518
1 4 45 -48.2892 -18.3629 -15.7745 0.0000 -14.1518
1 5 0 -45.2672 -22.6098 -4.9552 0.0000 -17.7022
1 5 1 -56.5920 -23.0766 -15.8132 0.0000 -17.7022
1 5 2 -48.1712 -23.5730 -6.8960 0.0000 -17.7022
1 5 3 -51.5969 -19.7673 -14.1274 0.0000 -17.7022
1 5 4 -44.2563 -24.7433 -1.8109 0.0000 -17.7022
1 5 5 -70.6064 -35.2024 -17.7017 0.0000 -17.7022
1 5 6 -70.2034 -35.0010 -17.5002 0.0000 -17.7022
1 5 7 -62.1788 -34.9920 -9.4846 0.0000 -17.7022
1 5 8 -46.4245 -21.3507 -7.3716 0.0000 -17.7022
1 5 9 -42.4286 -19.8577 -4.8687 0.0000 -17.7022
1 5 10 -41.9509 -21.9210 -2.3277 0.0000 -17.7022
1 5 11 -27.7787 -4.0162 -6.0603 0.0000 -17.7022
1 5 12 -42.2400 -19.1638 -5.3739 0.0000 -17.7022
1 5 13 -41.2194 -21.1062 -2.4109 0.0000 -17.7022
1 5 14 -44.1710 -20.4716 -5.9971 0.0000 -17.7022
1 5 15 -42.3416 -21.1016 -3.5378 0.0000 -17.7022
1 5 16 -42.4210 -21.4958 -3.2229 0.0000 -17.7022
1 5 17 -41.8454 -20.4812 -3.6620 0.0000 -17.7022
1 5 18 -37.4660 -18.2585 -1.5052 0.0000 -17.7022
1 5 19 -46.7933 -23.3972 -5.6939 0.0000 -17.7022
1 5 20 -41.7891 -21.9215 -2.1654 0.0000 -17.7022
1 5 21 -29.0913 -9.4138 -1.9753 0.0000 -17.7022
1 5 22 -40.7744 -21.0305 -2.0416 0.0000 -17.7022
1 5 23 -40.8668 -21.0803 -2.0843 0.0000 -17.7022
1 5 24 -50.6322 -20.1086 -12.8214 0.0000 -17.7022
1 5 25 -56.3040 -33.4819 -5.1199 0.0000 -17.7022
1 5 26 -41.0335 -19.4730 -3.8582 0.0000 -17.7022
1 5 27 -46.8169 -20.7715 -8.3432 0.0000 -17.7022
1 5 28 -40.1566 -20.1173 -2.3371 0.0000 -17.7022
1 5 29 -41.0488 -20.5603 -2.7863 0.0000 -17.7022
1 5 30 -42.9992 -20.5719 -4.7250 0.0000 -17.7022
1 5 31 -53.1742 -32.3037 -3.1683 0.0000 -17.7022
1 5 32 -46.7467 -18.0755 -10.9690 0.0000 -17.7022
1 5 33 -47.5334 -22.5889 -7.2422 0.0000 -17.7022
1 5 34 -37.5858 -19.1586 -0.7250 0.0000 -17.7022
1 5 35 -37.8099 -16.0299 -4.0778 0.0000 -17.7022
1 5 36 -45.7790 -24.3097 -3.7671 0.0000 -17.7022
1 5 37 -43.0497 -20.9293 -4.4181 0.0000 -17.7022
1 5 38 -43.0918 -21.9680 -3.4216 0.0000 -17.7022
1 5 39 -45.9133 -24.2957 -3.9153 0.0000 -17.7022
1 5 40 -44.8267 -23.4597 -3.6648 0.0000 -17.7022
1 5 41 -45.2457 -22.4367 -5.1068 0.0000 -17.7022
1 5 42 -43.1024 -20.4657 -4.9344 0.0000 -17.7022
1 5 43 -52.4897 -22.7555 -12.0320 0.0000 -17.7022
1 5 44 -41.7401 -19.6637 -4.3741 0.0000 -17.7022
1 5 45 -51.8396 -18.3629 -15.7745 0.0000 -17.7022
1 6 0 -51.9745 -22.6098 -11.8639 0.0000 -17.5008
1 6 1 -56.3906 -23.0766 -15.8132 0.0000 -17.5008
1 6 2 -42.1843 -23.5730 -1.1105 0.0000 -17.5008
1 6 3 -51.3955 -19.7673 -14.1274 0.0000 -17.5008
1 6 4 -44.4670 -24.7433 -2.2230 0.0000 -17.5008
1 6 5 -61.7053 -35.2024 -9.0021 0.0000 -17.5008
1 6 6 -70.0019 -35.0010 -17.5002 0.0000 -17.5008
1 6 7 -52.5654 -34.9920 -0.0726 0.0000 -17.5008
1 6 8 -41.6216 -21.3507 -2.7701 0.0000 -17.5008
1 6 9 -54.3498 -19.8577 -16.9914 0.0000 -17.5008
1 6 10 -46.7932 -21.9210 -7.3714 0.0000 -17.5008
1 6 11 -30.8835 -4.0162 -9.3665 0.0000 -17.5008
1 6 12 -50.3328 -19.1638 -13.6682 0.0000 -17.5008
1 6 13 -50.9703 -21.1062 -12.3633 0.0000 -17.5008
1 6 14 -46.2519 -20.4716 -8.2794 0.0000 -17.5008
1 6 15 -48.2380 -21.1016 -9.6356 0.0000 -17.5008
1 6 16 -47.0784 -21.4958 -8.0817 0.0000 -17.5008
1 6 17 -52.4638 -20.4812 -14.4818 0.0000 -17.5008
1 6 18 -46.2519 -18.2585 -10.4926 0.0000 -17.5008
1 6 19 -56.9962 -23.3972 -16.0982 0.0000 -17.5008
1 6 20 -47.0302 -21.9215 -7.6079 0.0000 -17.5008
1 6 21 -33.5180 -9.4138 -6.6034 0.0000 -17.5008
1 6 22 -43.3777 -21.0305 -4.8464 0.0000 -17.5008
1 6 23 -45.5032 -21.0803 -6.9221 0.0000 -17.5008
1 6 24 -50.4308 -20.1086 -12.8214 0.0000 -17.5008
1 6 25 -66.9616 -33.4819 -15.9790 0.0000 -17.5008
1 6 26 -53.6478 -19.4730 -16.6741 0.0000 -17.5008
1 6 27 -54.2169 -20.7715 -15.9446 0.0000 -17.5008
1 6 28 -45.3197 -20.1173 -7.7016 0.0000 -17.5008
1 6 29 -52.4465 -20.5603 -14.3854 0.0000 -17.5008
1 6 30 -51.0920 -20.5719 -13.0193 0.0000 -17.5008
1 6 31 -57.6903 -32.3037 -7.8859 0.0000 -17.5008
1 6 32 -38.0279 -18.0755 -2.4516 0.0000 -17.5008
1 6 33 -48.1585 -22.5889 -8.0688 0.0000 -17.5008
1 6 34 -48.1423 -19.1586 -11.4829 0.0000 -17.5008
1 6 35 -42.3267 -16.0299 -8.7960 0.0000 -17.5008
1 6 36 -51.0168 -24.3097 -9.2063 0.0000 -17.5008
1 6 37 -54.9433 -20.9293 -16.5132 0.0000 -17.5008
1 6 38 -47.9869 -21.9680 -8.5181 0.0000 -17.5008
1 6 39 -51.2283 -24.2957 -9.4318 0.0000 -17.5008
1 6 40 -50.9432 -23.4597 -9.9828 0.0000 -17.5008
1 6 41 -55.2102 -22.4367 -15.2727 0.0000 -17.5008
1 6 42 -52.6419 -20.4657 -14.6755 0.0000 -17.5008
1 6 43 -52.2883 -22.7555 -12.0320 0.0000 -17.5008
1 6 44 -51.7422 -19.6637 -14.5777 0.0000 -17.5008
1 6 45 -41.9577 -18.3629 -6.0941 0.0000 -17.5008
1 7 0 -51.9656 -22.6098 -11.8639 0.0000 -17.4919
1 7 1 -56.3817 -23.0766 -15.8132 0.0000 -17.4919
1 7 2 -47.1342 -23.5730 -6.0694 0.0000 -17.4919
1 7 3 -51.3865 -19.7673 -14.1274 0.0000 -17.4919
1 7 4 -44.2150 -24.7433 -1.9799 0.0000 -17.4919
1 7 5 -70.3960 -35.2024 -17.7017 0.0000 -17.4919
1 7 6 -69.9930 -35.0010 -17.5002 0.0000 -17.4919
1 7 7 -61.1213 -34.9920 -8.6374 0.0000 -17.4919
1 7 8 -42.8133 -21.3507 -3.9707 0.0000 -17.4919
1 7 9 -54.3409 -19.8577 -16.9914 0.0000 -17.4919
1 7 10 -42.0435 -21.9210 -2.6307 0.0000 -17.4919
1 7 11 -27.9454 -4.0162 -6.4373 0.0000 -17.4919
1 7 12 -50.3239 -19.1638 -13.6682 0.0000 -17.4919
1 7 13 -40.8755 -21.1062 -2.2774 0.0000 -17.4919
1 7 14 -44.2361 -20.4716 -6.2726 0.0000 -17.4919
1 7 15 -42.3071 -21.1016 -3.7136 0.0000 -17.4919
1 7 16 -42.0335 -21.4958 -3.0458 0.0000 -17.4919
1 7 17 -42.4560 -20.4812 -4.4830 0.0000 -17.4919
1 7 18 -36.8502 -18.2585 -1.0998 0.0000 -17.4919
1 7 19 -47.0349 -23.3972 -6.1459 0.0000 -17.4919
1 7 20 -41.6295 -21.9215 -2.2162 0.0000 -17.4919
1 7 21 -29.8148 -9.4138 -2.9091 0.0000 -17.4919
1 7 22 -41.1251 -21.0305 -2.6027 0.0000 -17.4919
1 7 23 -40.5725 -21.0803 -2.0003 0.0000 -17.4919
1 7 24 -50.4219 -20.1086 -12.8214 0.0000 -17.4919
1 7 25 -56.3072 -33.4819 -5.3335 0.0000 -17.4919
1 7 26 -40.4322 -19.4730 -3.4673 0.0000 -17.4919
1 7 27 -47.2992 -20.7715 -9.0358 0.0000 -17.4919
1 7 28 -40.6026 -20.1173 -2.9935 0.0000 -17.4919
1 7 29 -40.0961 -20.5603 -2.0439 0.0000 -17.4919
1 7 30 -43.0764 -20.5719 -5.0126 0.0000 -17.4919
1 7 31 -52.5704 -32.3037 -2.7749 0.0000 -17.4919
1 7 32 -46.5364 -18.0755 -10.9690 0.0000 -17.4919
1 7 33 -47.2624 -22.5889 -7.1816 0.0000 -17.4919
1 7 34 -38.1811 -19.1586 -1.5306 0.0000 -17.4919
1 7 35 -37.2429 -16.0299 -3.7211 0.0000 -17.4919
1 7 36 -44.8989 -24.3097 -3.0974 0.0000 -17.4919
1 7 37 -42.5419 -20.9293 -4.1207 0.0000 -17.4919
1 7 38 -42.4628 -21.9680 -3.0030 0.0000 -17.4919
1 7 39 -45.7439 -24.2957 -3.9563 0.0000 -17.4919
1 7 40 -44.4251 -23.4597 -3.4735 0.0000 -17.4919
1 7 41 -55.2013 -22.4367 -15.2727 0.0000 -17.4919
1 7 42 -44.3387 -20.4657 -6.3812 0.0000 -17.4919
1 7 43 -52.2794 -22.7555 -12.0320 0.0000 -17.4919
1 7 44 -42.8795 -19.6637 -5.7239 0.0000 -17.4919
1 7 45 -51.6292 -18.3629 -15.7745 0.0000 -17.4919
1 8 0 -49.8570 -22.6098 -11.8639 0.0000 -15.3832
1 8 1 -54.2731 -23.0766 -15.8132 0.0000 -15.3832
1 8 2 -43.7552 -23.5730 -4.7990 0.0000 -15.3832
1 8 3 -49.2779 -19.7673 -14.1274 0.0000 -15.3832
1 8 4 -42.7285 -24.7433 -2.6020 0.0000 -15.3832
1 8 5 -59.7700 -35.2024 -9.1844 0.0000 -15.3832
1 8 6 -56.3517 -35.0010 -5.9674 0.0000 -15.3832
1 8 7 -58.8792 -34.9920 -8.5039 0.0000 -15.3832
1 8 8 -43.1249 -21.3507 -6.3910 0.0000 -15.3832
1 8 9 -43.3785 -19.8577 -8.1375 0.0000 -15.3832
1 8 10 -42.2621 -21.9210 -4.9579 0.0000 -15.3832
1 8 11 -27.2155 -4.0162 -7.8160 0.0000 -15.3832
1 8 12 -48.2153 -19.1638 -13.6682 0.0000 -15.3832
1 8 13 -40.8460 -21.1062 -4.3566 0.0000 -15.3832
1 8 14 -44.0951 -20.4716 -8.2402 0.0000 -15.3832
1 8 15 -42.2812 -21.1016 -5.7964 0.0000 -15.3832
1 8 16 -42.4768 -21.4958 -5.5977 0.0000 -15.3832
1 8 17 -41.2412 -20.4812 -5.3767 0.0000 -15.3832
1 8 18 -35.6170 -18.2585 -1.9752 0.0000 -15.3832
1 8 19 -46.0248 -23.3972 -7.2444 0.0000 -15.3832
1 8 20 -41.7911 -21.9215 -4.4864 0.0000 -15.3832
1 8 21 -29.7782 -9.4138 -4.9812 0.0000 -15.3832
1 8 22 -40.3535 -21.0305 -3.9397 0.0000 -15.3832
1 8 23 -40.4395 -21.0803 -3.9759 0.0000 -15.3832
1 8 24 -48.3133 -20.1086 -12.8214 0.0000 -15.3832
1 8 25 -57.2427 -33.4819 -8.3776 0.0000 -15.3832
1 8 26 -40.5621 -19.4730 -5.7058 0.0000 -15.3832
1 8 27 -45.1906 -20.7715 -9.0358 0.0000 -15.3832
1 8 28 -40.9435 -20.1173 -5.4429 0.0000 -15.3832
1 8 29 -41.1185 -20.5603 -5.1749 0.0000 -15.3832
1 8 30 -41.3731 -20.5719 -5.4179 0.0000 -15.3832
1 8 31 -53.4942 -32.3037 -5.8073 0.0000 -15.3832
1 8 32 -34.0234 -18.0755 -0.5647 0.0000 -15.3832
1 8 33 -47.2934 -22.5889 -9.3212 0.0000 -15.3832
1 8 34 -37.7305 -19.1586 -3.1886 0.0000 -15.3832
1 8 35 -37.4369 -16.0299 -6.0237 0.0000 -15.3832
1 8 36 -45.4549 -24.3097 -5.7619 0.0000 -15.3832
1 8 37 -42.5168 -20.9293 -6.2043 0.0000 -15.3832
1 8 38 -42.9792 -21.9680 -5.6280 0.0000 -15.3832
1 8 39 -45.5008 -24.2957 -5.8218 0.0000 -15.3832
1 8 40 -44.3269 -23.4597 -5.4840 0.0000 -15.3832
1 8 41 -46.1839 -22.4367 -8.3640 0.0000 -15.3832
1 8 42 -50.5244 -20.4657 -14.6755 0.0000 -15.3832
1 8 43 -50.1707 -22.7555 -12.0320 0.0000 -15.3832
1 8 44 -49.6247 -19.6637 -14.5777 0.0000 -15.3832
1 8 45 -41.5139 -18.3629 -7.7678 0.0000 -15.3832
1 9 0 -51.4661 -22.6098 -11.8639 0.0000 -16.9923
1 9 1 -55.8822 -23.0766 -15.8132 0.0000 -16.9923
1 9 2 -43.8859 -23.5730 -3.3206 0.0000 -16.9923
1 9 3 -40.4529 -19.7673 -3.6933 0.0000 -16.9923
1 9 4 -44.6721 -24.7433 -2.9365 0.0000 -16.9923
1 9 5 -54.5734 -35.2024 -2.3786 0.0000 -16.9923
1 9 6 -54.8586 -35.0010 -2.8653 0.0000 -16.9923
1 9 7 -62.5669 -34.9920 -10.5825 0.0000 -16.9923
1 9 8 -41.0421 -21.3507 -2.6991 0.0000 -16.9923
1 9 9 -45.3240 -19.8577 -8.4740 0.0000 -16.9923
1 9 10 -43.0084 -21.9210 -4.0951 0.0000 -16.9923
1 9 11 -28.2268 -4.0162 -7.2182 0.0000 -16.9923
1 9 12 -49.8244 -19.1638 -13.6682 0.0000 -16.9923
1 9 13 -42.4551 -21.1062 -4.3566 0.0000 -16.9923
1 9 14 -44.1182 -20.4716 -6.6542 0.0000 -16.9923
1 9 15 -42.1539 -21.1016 -4.0599 0.0000 -16.9923
1 9 16 -42.3965 -21.4958 -3.9083 0.0000 -16.9923
1 9 17 -42.2143 -20.4812 -4.7408 0.0000 -16.9923
1 9 18 -45.7434 -18.2585 -10.4926 0.0000 -16.9923
1 9 19 -47.2773 -23.3972 -6.8878 0.0000 -16.9923
1 9 20 -42.1230 -21.9215 -3.2092 0.0000 -16.9923
1 9 21 -29.5905 -9.4138 -3.1844 0.0000 -16.9923
1 9 22 -40.5667 -21.0305 -2.5439 0.0000 -16.9923
1 9 23 -40.8867 -21.0803 -2.8141 0.0000 -16.9923
1 9 24 -49.9224 -20.1086 -12.8214 0.0000 -16.9923
1 9 25 -55.4510 -33.4819 -4.9768 0.0000 -16.9923
1 9 26 -41.2972 -19.4730 -4.8318 0.0000 -16.9923
1 9 27 -45.1910 -20.7715 -7.4272 0.0000 -16.9923
1 9 28 -41.7909 -20.1173 -4.6813 0.0000 -16.9923
1 9 29 -41.3667 -20.5603 -3.8140 0.0000 -16.9923
1 9 30 -50.5836 -20.5719 -13.0193 0.0000 -16.9923
1 9 31 -53.8506 -32.3037 -4.5546 0.0000 -16.9923
1 9 32 -46.0368 -18.0755 -10.9690 0.0000 -16.9923
1 9 33 -47.2934 -22.5889 -7.7122 0.0000 -16.9923
1 9 34 -47.6339 -19.1586 -11.4829 0.0000 -16.9923
1 9 35 -37.6995 -16.0299 -4.6772 0.0000 -16.9923
1 9 36 -47.0964 -24.3097 -5.7944 0.0000 -16.9923
1 9 37 -42.6072 -20.9293 -4.6855 0.0000 -16.9923
1 9 38 -43.2374 -21.9680 -4.2771 0.0000 -16.9923
1 9 39 -46.7135 -24.2957 -5.4254 0.0000 -16.9923
1 9 40 -46.3414 -23.4597 -5.8894 0.0000 -16.9923
1 9 41 -47.1003 -22.4367 -7.6713 0.0000 -16.9923
1 9 42 -52.1335 -20.4657 -14.6755 0.0000 -16.9923
1 9 43 -51.7798 -22.7555 -12.0320 0.0000 -16.9923
1 9 44 -42.1287 -19.6637 -5.4726 0.0000 -16.9923
1 9 45 -39.3544 -18.3629 -3.9992 0.0000 -16.9923
1 10 0 -40.0325 -22.6098 -0.0074 0.0000 -17.4153
1 10 1 -40.5005 -23.0766 -0.0086 0.0000 -17.4153
1 10 2 -47.0577 -23.5730 -6.0694 0.0000 -17.4153
1 10 3 -40.6410 -19.7673 -3.4585 0.0000 -17.4153
1 10 4 -46.9876 -24.7433 -4.8290 0.0000 -17.4153
1 10 5 -56.4812 -35.2024 -3.8635 0.0000 -17.4153
1 10 6 -56.9219 -35.0010 -4.5057 0.0000 -17.4153
1 10 7 -61.3812 -34.9920 -8.9739 0.0000 -17.4153
1 10 8 -40.9033 -21.3507 -2.1372 0.0000 -17.4153
1 10 9 -40.4029 -19.8577 -3.1299 0.0000 -17.4153
1 10 10 -40.9381 -21.9210 -1.6018 0.0000 -17.4153
1 10 11 -25.2072 -4.0162 -3.7756 0.0000 -17.4153
1 10 12 -50.2474 -19.1638 -13.6682 0.0000 -17.4153
1 10 13 -50.8848 -21.1062 -12.3633 0.0000 -17.4153
1 10 14 -40.7117 -20.4716 -2.8247 0.0000 -17.4153
1 10 15 -42.6784 -21.1016 -4.1615 0.0000 -17.4153
1 10 16 -44.9143 -21.4958 -6.0032 0.0000 -17.4153
1 10 17 -40.5008 -20.4812 -2.6042 0.0000 -17.4153
1 10 18 -46.1664 -18.2585 -10.4926 0.0000 -17.4153
1 10 19 -49.3093 -23.3972 -8.4968 0.0000 -17.4153
1 10 20 -44.4561 -21.9215 -5.1193 0.0000 -17.4153
1 10 21 -30.7843 -9.4138 -3.9552 0.0000 -17.4153
1 10 22 -45.2379 -21.0305 -6.7920 0.0000 -17.4153
1 10 23 -44.9206 -21.0803 -6.4250 0.0000 -17.4153
1 10 24 -50.3454 -20.1086 -12.8214 0.0000 -17.4153
1 10 25 -54.5390 -33.4819 -3.6418 0.0000 -17.4153
1 10 26 -43.8214 -19.4730 -6.9330 0.0000 -17.4153
1 10 27 -42.1117 -20.7715 -3.9248 0.0000 -17.4153
1 10 28 -40.7750 -20.1173 -3.2424 0.0000 -17.4153
1 10 29 -45.4523 -20.5603 -7.4766 0.0000 -17.4153
1 10 30 -51.0066 -20.5719 -13.0193 0.0000 -17.4153
1 10 31 -53.6355 -32.3037 -3.9165 0.0000 -17.4153
1 10 32 -38.1655 -18.0755 -2.6747 0.0000 -17.4153
1 10 33 -42.5336 -22.5889 -2.5294 0.0000 -17.4153
1 10 34 -48.0569 -19.1586 -11.4829 0.0000 -17.4153
1 10 35 -37.3344 -16.0299 -3.8891 0.0000 -17.4153
1 10 36 -44.4399 -24.3097 -2.7149 0.0000 -17.4153
1 10 37 -42.4367 -20.9293 -4.0921 0.0000 -17.4153
1 10 38 -43.8413 -21.9680 -4.4579 0.0000 -17.4153
1 10 39 -46.4164 -24.2957 -4.7054 0.0000 -17.4153
1 10 40 -44.7562 -23.4597 -3.8812 0.0000 -17.4153
1 10 41 -45.1259 -22.4367 -5.2739 0.0000 -17.4153
1 10 42 -44.5498 -20.4657 -6.6688 0.0000 -17.4153
1 10 43 -44.6014 -22.7555 -4.4306 0.0000 -17.4153
1 10 44 -42.1099 -19.6637 -5.0309 0.0000 -17.4153
1 10 45 -40.5506 -18.3629 -4.7724 0.0000 -17.4153
1 11 0 -52.6943 -22.6098 -11.8639 0.0000 -18.2206
1 11 1 -57.1104 -23.0766 -15.8132 0.0000 -18.2206
1 11 2 -45.1022 -23.5730 -3.3086 0.0000 -18.2206
1 11 3 -40.6225 -19.7673 -2.6347 0.0000 -18.2206
1 11 4 -46.6644 -24.7433 -3.7006 0.0000 -18.2206
1 11 5 -55.4394 -35.2024 -2.0164 0.0000 -18.2206
1 11 6 -54.7489 -35.0010 -1.5273 0.0000 -18.2206
1 11 7 -62.4096 -34.9920 -9.1970 0.0000 -18.2206
1 11 8 -41.7374 -21.3507 -2.1661 0.0000 -18.2206
1 11 9 -40.2642 -19.8577 -2.1859 0.0000 -18.2206
1 11 10 -43.6872 -21.9210 -3.5456 0.0000 -18.2206
1 11 11 -28.6896 -4.0162 -6.4527 0.0000 -18.2206
1 11 12 -43.4512 -19.1638 -6.0668 0.0000 -18.2206
1 11 13 -44.0887 -21.1062 -4.7619 0.0000 -18.2206
1 11 14 -39.8058 -20.4716 -1.1136 0.0000 -18.2206
1 11 15 -45.0116 -21.1016 -5.6895 0.0000 -18.2206
1 11 16 -44.8034 -21.4958 -5.0869 0.0000 -18.2206
1 11 17 -42.6382 -20.4812 -3.9365 0.0000 -18.2206
1 11 18 -46.9717 -18.2585 -10.4926 0.0000 -18.2206
1 11 19 -47.1706 -23.3972 -5.5528 0.0000 -18.2206
1 11 20 -45.1362 -21.9215 -4.9941 0.0000 -18.2206
1 11 21 -33.6645 -9.4138 -6.0301 0.0000 -18.2206
1 11 22 -45.0625 -21.0305 -5.8114 0.0000 -18.2206
1 11 23 -43.3789 -21.0803 -4.0780 0.0000 -18.2206
1 11 24 -38.4051 -20.1086 -0.0759 0.0000 -18.2206
1 11 25 -60.0800 -33.4819 -8.3776 0.0000 -18.2206
1 11 26 -42.1224 -19.4730 -4.4288 0.0000 -18.2206
1 11 27 -54.9367 -20.7715 -15.9446 0.0000 -18.2206
1 11 28 -41.3911 -20.1173 -3.0532 0.0000 -18.2206
1 11 29 -41.1709 -20.5603 -2.3900 0.0000 -18.2206
1 11 30 -44.9031 -20.5719 -6.1106 0.0000 -18.2206
1 11 31 -52.0637 -32.3037 -1.5395 0.0000 -18.2206
1 11 32 -47.2651 -18.0755 -10.9690 0.0000 -18.2206
1 11 33 -42.9963 -22.5889 -2.1869 0.0000 -18.2206
1 11 34 -48.8621 -19.1586 -11.4829 0.0000 -18.2206
1 11 35 -35.7589 -16.0299 -1.5084 0.0000 -18.2206
1 11 36 -44.3072 -24.3097 -1.7769 0.0000 -18.2206
1 11 37 -40.8252 -20.9293 -1.6753 0.0000 -18.2206
1 11 38 -42.8700 -21.9680 -2.6814 0.0000 -18.2206
1 11 39 -44.6540 -24.2957 -2.1377 0.0000 -18.2206
1 11 40 -43.4959 -23.4597 -1.8156 0.0000 -18.2206
1 11 41 -44.2264 -22.4367 -3.5692 0.0000 -18.2206
1 11 42 -41.8000 -20.4657 -3.1137 0.0000 -18.2206
1 11 43 -53.0081 -22.7555 -12.0320 0.0000 -18.2206
1 11 44 -39.2890 -19.6637 -1.4047 0.0000 -18.2206
1 11 45 -38.5285 -18.3629 -1.9451 0.0000 -18.2206
1 12 0 -48.1691 -22.6098 -11.8639 0.0000 -13.6953
1 12 1 -52.5852 -23.0766 -15.8132 0.0000 -13.6953
1 12 2 -53.0181 -23.5730 -15.7498 0.0000 -13.6953
1 12 3 -39.9886 -19.7673 -6.5260 0.0000 -13.6953
1 12 4 -52.5733 -24.7433 -14.1347 0.0000 -13.6953
1 12 5 -54.8796 -35.2024 -5.9818 0.0000 -13.6953
1 12 6 -54.1648 -35.0010 -5.4685 0.0000 -13.6953
1 12 7 -66.1786 -34.9920 -17.4913 0.0000 -13.6953
1 12 8 -41.5705 -21.3507 -6.5245 0.0000 -13.6953
1 12 9 -39.2672 -19.8577 -5.7141 0.0000 -13.6953
1 12 10 -53.0310 -21.9210 -17.4147 0.0000 -13.6953
1 12 11 -35.9319 -4.0162 -18.2203 0.0000 -13.6953
1 12 12 -46.5274 -19.1638 -13.6682 0.0000 -13.6953
1 12 13 -47.1648 -21.1062 -12.3633 0.0000 -13.6953
1 12 14 -40.6155 -20.4716 -6.4485 0.0000 -13.6953
1 12 15 -44.4326 -21.1016 -9.6356 0.0000 -13.6953
1 12 16 -50.1817 -21.4958 -14.9905 0.0000 -13.6953
1 12 17 -40.6517 -20.4812 -6.4751 0.0000 -13.6953
1 12 18 -42.4464 -18.2585 -10.4926 0.0000 -13.6953
1 12 19 -53.1907 -23.3972 -16.0982 0.0000 -13.6953
1 12 20 -44.6418 -21.9215 -9.0250 0.0000 -13.6953
1 12 21 -33.8392 -9.4138 -10.7301 0.0000 -13.6953
1 12 22 -42.6159 -21.0305 -7.8900 0.0000 -13.6953
1 12 23 -44.1657 -21.0803 -9.3901 0.0000 -13.6953
1 12 24 -46.6254 -20.1086 -12.8214 0.0000 -13.6953
1 12 25 -63.1562 -33.4819 -15.9790 0.0000 -13.6953
1 12 26 -42.2410 -19.4730 -9.0726 0.0000 -13.6953
1 12 27 -50.4114 -20.7715 -15.9446 0.0000 -13.6953
1 12 28 -40.9345 -20.1173 -7.1219 0.0000 -13.6953
1 12 29 -48.6410 -20.5603 -14.3854 0.0000 -13.6953
1 12 30 -47.2866 -20.5719 -13.0193 0.0000 -13.6953
1 12 31 -60.7936 -32.3037 -14.7946 0.0000 -13.6953
1 12 32 -42.7398 -18.0755 -10.9690 0.0000 -13.6953
1 12 33 -53.2069 -22.5889 -16.9227 0.0000 -13.6953
1 12 34 -44.3369 -19.1586 -11.4829 0.0000 -13.6953
1 12 35 -37.2687 -16.0299 -7.5434 0.0000 -13.6953
1 12 36 -44.7267 -24.3097 -6.7217 0.0000 -13.6953
1 12 37 -42.8436 -20.9293 -8.2189 0.0000 -13.6953
1 12 38 -44.8744 -21.9680 -9.2110 0.0000 -13.6953
1 12 39 -44.2457 -24.2957 -6.2547 0.0000 -13.6953
1 12 40 -44.3662 -23.4597 -7.2111 0.0000 -13.6953
1 12 41 -42.5509 -22.4367 -6.4189 0.0000 -13.6953
1 12 42 -48.8365 -20.4657 -14.6755 0.0000 -13.6953
1 12 43 -48.4829 -22.7555 -12.0320 0.0000 -13.6953
1 12 44 -37.8935 -19.6637 -4.5344 0.0000 -13.6953
1 12 45 -35.9551 -18.3629 -3.8969 0.0000 -13.6953
1 13 0 -46.9336 -22.6098 -11.8639 0.0000 -12.4598
1 13 1 -51.3497 -23.0766 -15.8132 0.0000 -12.4598
1 13 2 -44.8739 -23.5730 -8.8410 0.0000 -12.4598
1 13 3 -38.0602 -19.7673 -5.8331 0.0000 -12.4598
1 13 4 -44.4291 -24.7433 -7.2260 0.0000 -12.4598
1 13 5 -55.5658 -35.2024 -7.9036 0.0000 -12.4598
1 13 6 -56.1072 -35.0010 -8.6464 0.0000 -12.4598
1 13 7 -58.0344 -34.9920 -10.5825 0.0000 -12.4598
1 13 8 -42.2801 -21.3507 -8.4695 0.0000 -12.4598
1 13 9 -41.3022 -19.8577 -8.9847 0.0000 -12.4598
1 13 10 -44.1941 -21.9210 -9.8133 0.0000 -12.4598
1 13 11 -24.7441 -4.0162 -8.2680 0.0000 -12.4598
1 13 12 -45.2919 -19.1638 -13.6682 0.0000 -12.4598
1 13 13 -34.9962 -21.1062 -1.4301 0.0000 -12.4598
1 13 14 -41.4341 -20.4716 -8.5026 0.0000 -12.4598
1 13 15 -42.5040 -21.1016 -8.9426 0.0000 -12.4598
1 13 16 -48.9462 -21.4958 -14.9905 0.0000 -12.4598
1 13 17 -47.4229 -20.4812 -14.4818 0.0000 -12.4598
1 13 18 -41.2109 -18.2585 -10.4926 0.0000 -12.4598
1 13 19 -51.9552 -23.3972 -16.0982 0.0000 -12.4598
1 13 20 -44.2329 -21.9215 -9.8516 0.0000 -12.4598
1 13 21 -29.4907 -9.4138 -7.6170 0.0000 -12.4598
1 13 22 -48.2891 -21.0305 -14.7987 0.0000 -12.4598
1 13 23 -51.4476 -21.0803 -17.9075 0.0000 -12.4598
1 13 24 -45.3899 -20.1086 -12.8214 0.0000 -12.4598
1 13 25 -54.3193 -33.4819 -8.3776 0.0000 -12.4598
1 13 26 -41.6982 -19.4730 -9.7653 0.0000 -12.4598
1 13 27 -41.1692 -20.7715 -7.9379 0.0000 -12.4598
1 13 28 -42.2243 -20.1173 -9.6471 0.0000 -12.4598
1 13 29 -47.4055 -20.5603 -14.3854 0.0000 -12.4598
1 13 30 -46.0511 -20.5719 -13.0193 0.0000 -12.4598
1 13 31 -59.5581 -32.3037 -14.7946 0.0000 -12.4598
1 13 32 -33.9029 -18.0755 -3.3676 0.0000 -12.4598
1 13 33 -44.3700 -22.5889 -9.3212 0.0000 -12.4598
1 13 34 -43.1014 -19.1586 -11.4829 0.0000 -12.4598
1 13 35 -37.9787 -16.0299 -9.4889 0.0000 -12.4598
1 13 36 -47.0738 -24.3097 -10.3042 0.0000 -12.4598
1 13 37 -49.9024 -20.9293 -16.5132 0.0000 -12.4598
1 13 38 -51.2403 -21.9680 -16.8124 0.0000 -12.4598
1 13 39 -46.1873 -24.2957 -9.4318 0.0000 -12.4598
1 13 40 -45.9023 -23.4597 -9.9828 0.0000 -12.4598
1 13 41 -50.1692 -22.4367 -15.2727 0.0000 -12.4598
1 13 42 -47.6010 -20.4657 -14.6755 0.0000 -12.4598
1 13 43 -47.2474 -22.7555 -12.0320 0.0000 -12.4598
1 13 44 -46.7013 -19.6637 -14.5777 0.0000 -12.4598
1 13 45 -36.5984 -18.3629 -5.7756 0.0000 -12.4598
1 14 0 -52.8801 -22.6098 -11.8639 0.0000 -18.4064
1 14 1 -57.2962 -23.0766 -15.8132 0.0000 -18.4064
1 14 2 -44.4396 -23.5730 -2.4602 0.0000 -18.4064
1 14 3 -40.6659 -19.7673 -2.4923 0.0000 -18.4064
1 14 4 -45.3331 -24.7433 -2.1835 0.0000 -18.4064
1 14 5 -56.0616 -35.2024 -2.4528 0.0000 -18.4064
1 14 6 -55.4726 -35.0010 -2.0653 0.0000 -18.4064
1 14 7 -62.8829 -34.9920 -9.4846 0.0000 -18.4064
1 14 8 -42.3526 -21.3507 -2.5956 0.0000 -18.4064
1 14 9 -41.2353 -19.8577 -2.9713 0.0000 -18.4064
1 14 10 -42.7353 -21.9210 -2.4080 0.0000 -18.4064
1 14 11 -27.0618 -4.0162 -4.6392 0.0000 -18.4064
1 14 12 -51.2384 -19.1638 -13.6682 0.0000 -18.4064
1 14 13 -43.0220 -21.1062 -3.5095 0.0000 -18.4064
1 14 14 -42.7695 -20.4716 -3.8915 0.0000 -18.4064
1 14 15 -42.3971 -21.1016 -2.8892 0.0000 -18.4064
1 14 16 -41.0399 -21.4958 -1.1377 0.0000 -18.4064
1 14 17 -40.7578 -20.4812 -1.8703 0.0000 -18.4064
1 14 18 -47.1575 -18.2585 -10.4926 0.0000 -18.4064
1 14 19 -48.0495 -23.3972 -6.2460 0.0000 -18.4064
1 14 20 -41.7247 -21.9215 -1.3968 0.0000 -18.4064
1 14 21 -31.0253 -9.4138 -3.2052 0.0000 -18.4064
1 14 22 -42.1688 -21.0305 -2.7319 0.0000 -18.4064
1 14 23 -40.9355 -21.0803 -1.4488 0.0000 -18.4064
1 14 24 -51.3364 -20.1086 -12.8214 0.0000 -18.4064
1 14 25 -57.7813 -33.4819 -5.8931 0.0000 -18.4064
1 14 26 -41.2388 -19.4730 -3.3594 0.0000 -18.4064
1 14 27 -55.1224 -20.7715 -15.9446 0.0000 -18.4064
1 14 28 -40.5784 -20.1173 -2.0548 0.0000 -18.4064
1 14 29 -40.4281 -20.5603 -1.4615 0.0000 -18.4064
1 14 30 -42.1454 -20.5719 -3.1671 0.0000 -18.4064
1 14 31 -52.1061 -32.3037 -1.3961 0.0000 -18.4064
1 14 32 -39.8494 -18.0755 -3.3676 0.0000 -18.4064
1 14 33 -46.6157 -22.5889 -5.6204 0.0000 -18.4064
1 14 34 -42.1391 -19.1586 -4.5742 0.0000 -18.4064
1 14 35 -36.6283 -16.0299 -2.1920 0.0000 -18.4064
1 14 36 -44.8945 -24.3097 -2.1784 0.0000 -18.4064
1 14 37 -41.2886 -20.9293 -1.9529 0.0000 -18.4064
1 14 38 -41.3792 -21.9680 -1.0048 0.0000 -18.4064
1 14 39 -45.0952 -24.2957 -2.3931 0.0000 -18.4064
1 14 40 -44.2783 -23.4597 -2.4123 0.0000 -18.4064
1 14 41 -45.5971 -22.4367 -4.7540 0.0000 -18.4064
1 14 42 -42.9508 -20.4657 -4.0788 0.0000 -18.4064
1 14 43 -53.1939 -22.7555 -12.0320 0.0000 -18.4064
1 14 44 -42.7956 -19.6637 -4.7255 0.0000 -18.4064
1 14 45 -39.5157 -18.3629 -2.7464 0.0000 -18.4064
1 15 0 -52.4041 -22.6098 -11.8639 0.0000 -17.9303
1 15 1 -45.7692 -23.0766 -4.7623 0.0000 -17.9303
1 15 2 -46.4135 -23.5730 -4.9102 0.0000 -17.9303
1 15 3 -40.7584 -19.7673 -3.0608 0.0000 -17.9303
1 15 4 -46.9561 -24.7433 -4.2825 0.0000 -17.9303
1 15 5 -56.3114 -35.2024 -3.1787 0.0000 -17.9303
1 15 6 -56.1025 -35.0010 -3.1712 0.0000 -17.9303
1 15 7 -62.1193 -34.9920 -9.1970 0.0000 -17.9303
1 15 8 -42.6276 -21.3507 -3.3466 0.0000 -17.9303
1 15 9 -39.9919 -19.8577 -2.2039 0.0000 -17.9303
1 15 10 -43.1691 -21.9210 -3.3178 0.0000 -17.9303
1 15 11 -23.4693 -4.0162 -1.5228 0.0000 -17.9303
1 15 12 -50.7624 -19.1638 -13.6682 0.0000 -17.9303
1 15 13 -42.5460 -21.1062 -3.5095 0.0000 -17.9303
1 15 14 -40.8081 -20.4716 -2.4061 0.0000 -17.9303
1 15 15 -41.6266 -21.1016 -2.5947 0.0000 -17.9303
1 15 16 -42.5185 -21.4958 -3.0923 0.0000 -17.9303
1 15 17 -40.6773 -20.4812 -2.2658 0.0000 -17.9303
1 15 18 -46.6814 -18.2585 -10.4926 0.0000 -17.9303
1 15 19 -49.4190 -23.3972 -8.0915 0.0000 -17.9303
1 15 20 -44.5864 -21.9215 -4.7346 0.0000 -17.9303
1 15 21 -32.1451 -9.4138 -4.8010 0.0000 -17.9303
1 15 22 -44.0792 -21.0305 -5.1183 0.0000 -17.9303
1 15 23 -43.0976 -21.0803 -4.0870 0.0000 -17.9303
1 15 24 -43.9516 -20.1086 -5.9126 0.0000 -17.9303
1 15 25 -52.9862 -33.4819 -1.5740 0.0000 -17.9303
1 15 26 -42.2280 -19.4730 -4.8246 0.0000 -17.9303
1 15 27 -40.1263 -20.7715 -1.4245 0.0000 -17.9303
1 15 28 -40.3175 -20.1173 -2.2699 0.0000 -17.9303
1 15 29 -39.6804 -20.5603 -1.1898 0.0000 -17.9303
1 15 30 -38.8117 -20.5719 -0.3094 0.0000 -17.9303
1 15 31 -53.2156 -32.3037 -2.9816 0.0000 -17.9303
1 15 32 -40.0661 -18.0755 -4.0602 0.0000 -17.9303
1 15 33 -43.9960 -22.5889 -3.4768 0.0000 -17.9303
1 15 34 -48.5718 -19.1586 -11.4829 0.0000 -17.9303
1 15 35 -36.4295 -16.0299 -2.4692 0.0000 -17.9303
1 15 36 -45.1022 -24.3097 -2.8622 0.0000 -17.9303
1 15 37 -41.4776 -20.9293 -2.6180 0.0000 -17.9303
1 15 38 -43.0276 -21.9680 -3.1293 0.0000 -17.9303
1 15 39 -44.6759 -24.2957 -2.4499 0.0000 -17.9303
1 15 40 -43.9781 -23.4597 -2.5881 0.0000 -17.9303
1 15 41 -45.1484 -22.4367 -4.7814 0.0000 -17.9303
1 15 42 -43.6787 -20.4657 -5.2827 0.0000 -17.9303
1 15 43 -42.3135 -22.7555 -1.6277 0.0000 -17.9303
1 15 44 -39.9410 -19.6637 -2.3470 0.0000 -17.9303
1 15 45 -38.4604 -18.3629 -2.1672 0.0000 -17.9303
1 16 0 -49.4715 -22.6098 -11.8639 0.0000 -14.9978
1 16 1 -53.8876 -23.0766 -15.8132 0.0000 -14.9978
1 16 2 -54.3206 -23.5730 -15.7498 0.0000 -14.9978
1 16 3 -41.9837 -19.7673 -7.2187 0.0000 -14.9978
1 16 4 -46.9670 -24.7433 -7.2260 0.0000 -14.9978
1 16 5 -56.5875 -35.2024 -6.3873 0.0000 -14.9978
1 16 6 -56.4968 -35.0010 -6.4981 0.0000 -14.9978
1 16 7 -67.4811 -34.9920 -17.4913 0.0000 -14.9978
1 16 8 -42.1799 -21.3507 -5.8314 0.0000 -14.9978
1 16 9 -39.4216 -19.8577 -4.5661 0.0000 -14.9978
1 16 10 -43.0190 -21.9210 -6.1002 0.0000 -14.9978
1 16 11 -24.1845 -4.0162 -5.1705 0.0000 -14.9978
1 16 12 -47.8298 -19.1638 -13.6682 0.0000 -14.9978
1 16 13 -48.4673 -21.1062 -12.3633 0.0000 -14.9978
1 16 14 -40.8108 -20.4716 -5.3414 0.0000 -14.9978
1 16 15 -43.3838 -21.1016 -7.2845 0.0000 -14.9978
1 16 16 -51.4841 -21.4958 -14.9905 0.0000 -14.9978
1 16 17 -49.9608 -20.4812 -14.4818 0.0000 -14.9978
1 16 18 -43.7489 -18.2585 -10.4926 0.0000 -14.9978
1 16 19 -47.5844 -23.3972 -9.1894 0.0000 -14.9978
1 16 20 -43.7540 -21.9215 -6.8348 0.0000 -14.9978
1 16 21 -33.6379 -9.4138 -9.2264 0.0000 -14.9978
1 16 22 -43.9183 -21.0305 -7.8900 0.0000 -14.9978
1 16 23 -42.9189 -21.0803 -6.8408 0.0000 -14.9978
1 16 24 -47.9278 -20.1086 -12.8214 0.0000 -14.9978
1 16 25 -54.6063 -33.4819 -6.1267 0.0000 -14.9978
1 16 26 -41.1016 -19.4730 -6.6308 0.0000 -14.9978
1 16 27 -41.5872 -20.7715 -5.8179 0.0000 -14.9978
1 16 28 -39.4795 -20.1173 -4.3644 0.0000 -14.9978
1 16 29 -43.0347 -20.5603 -7.4766 0.0000 -14.9978
1 16 30 -48.5890 -20.5719 -13.0193 0.0000 -14.9978
1 16 31 -52.6233 -32.3037 -5.3218 0.0000 -14.9978
1 16 32 -44.0423 -18.0755 -10.9690 0.0000 -14.9978
1 16 33 -43.3820 -22.5889 -5.7954 0.0000 -14.9978
1 16 34 -45.6393 -19.1586 -11.4829 0.0000 -14.9978
1 16 35 -35.5335 -16.0299 -4.5058 0.0000 -14.9978
1 16 36 -44.2145 -24.3097 -4.9071 0.0000 -14.9978
1 16 37 -40.6806 -20.9293 -4.7535 0.0000 -14.9978
1 16 38 -42.6808 -21.9680 -5.7150 0.0000 -14.9978
1 16 39 -44.1311 -24.2957 -4.8376 0.0000 -14.9978
1 16 40 -43.3054 -23.4597 -4.8480 0.0000 -14.9978
1 16 41 -45.1058 -22.4367 -7.6713 0.0000 -14.9978
1 16 42 -43.2302 -20.4657 -7.7667 0.0000 -14.9978
1 16 43 -42.8765 -22.7555 -5.1232 0.0000 -14.9978
1 16 44 -41.2325 -19.6637 -6.5710 0.0000 -14.9978
1 16 45 -38.9693 -18.3629 -5.6086 0.0000 -14.9978
1 17 0 -48.9677 -22.6098 -11.8639 0.0000 -14.4939
1 17 1 -53.3838 -23.0766 -15.8132 0.0000 -14.4939
1 17 2 -46.9080 -23.5730 -8.8410 0.0000 -14.4939
1 17 3 -48.3886 -19.7673 -14.1274 0.0000 -14.4939
1 17 4 -53.3719 -24.7433 -14.1347 0.0000 -14.4939
1 17 5 -56.6617 -35.2024 -6.9653 0.0000 -14.4939
1 17 6 -55.4821 -35.0010 -5.9872 0.0000 -14.4939
1 17 7 -66.9772 -34.9920 -17.4913 0.0000 -14.4939
1 17 8 -42.7055 -21.3507 -6.8609 0.0000 -14.4939
1 17 9 -40.5850 -19.8577 -6.2334 0.0000 -14.4939
1 17 10 -43.4878 -21.9210 -7.0729 0.0000 -14.4939
1 17 11 -23.1868 -4.0162 -4.6766 0.0000 -14.4939
1 17 12 -47.3260 -19.1638 -13.6682 0.0000 -14.4939
1 17 13 -47.9634 -21.1062 -12.3633 0.0000 -14.4939
1 17 14 -40.3262 -20.4716 -5.3606 0.0000 -14.4939
1 17 15 -43.5266 -21.1016 -7.9311 0.0000 -14.4939
1 17 16 -50.9803 -21.4958 -14.9905 0.0000 -14.4939
1 17 17 -49.4569 -20.4812 -14.4818 0.0000 -14.4939
1 17 18 -43.2450 -18.2585 -10.4926 0.0000 -14.4939
1 17 19 -53.9893 -23.3972 -16.0982 0.0000 -14.4939
1 17 20 -46.4211 -21.9215 -10.0057 0.0000 -14.4939
1 17 21 -42.2392 -9.4138 -18.3315 0.0000 -14.4939
1 17 22 -50.3232 -21.0305 -14.7987 0.0000 -14.4939
1 17 23 -45.8803 -21.0803 -10.3061 0.0000 -14.4939
1 17 24 -47.4240 -20.1086 -12.8214 0.0000 -14.4939
1 17 25 -51.6309 -33.4819 -3.6551 0.0000 -14.4939
1 17 26 -43.0396 -19.4730 -9.0726 0.0000 -14.4939
1 17 27 -39.8479 -20.7715 -4.5825 0.0000 -14.4939
1 17 28 -41.8609 -20.1173 -7.2497 0.0000 -14.4939
1 17 29 -49.4396 -20.5603 -14.3854 0.0000 -14.4939
1 17 30 -48.0852 -20.5719 -13.0193 0.0000 -14.4939
1 17 31 -52.7384 -32.3037 -5.9408 0.0000 -14.4939
1 17 32 -43.5384 -18.0755 -10.9690 0.0000 -14.4939
1 17 33 -45.4881 -22.5889 -8.4053 0.0000 -14.4939
1 17 34 -45.1355 -19.1586 -11.4829 0.0000 -14.4939
1 17 35 -37.7619 -16.0299 -7.2381 0.0000 -14.4939
1 17 36 -45.9308 -24.3097 -7.1272 0.0000 -14.4939
1 17 37 -42.7261 -20.9293 -7.3028 0.0000 -14.4939
1 17 38 -44.9801 -21.9680 -8.5181 0.0000 -14.4939
1 17 39 -46.1429 -24.2957 -7.3532 0.0000 -14.4939
1 17 40 -45.2983 -23.4597 -7.3446 0.0000 -14.4939
1 17 41 -44.6019 -22.4367 -7.6713 0.0000 -14.4939
1 17 42 -42.0337 -20.4657 -7.0741 0.0000 -14.4939
1 17 43 -42.3727 -22.7555 -5.1232 0.0000 -14.4939
1 17 44 -40.4411 -19.6637 -6.2834 0.0000 -14.4939
1 17 45 -38.4277 -18.3629 -5.5709 0.0000 -14.4939
1 18 0 -45.4721 -22.6098 -11.8639 0.0000 -10.9984
1 18 1 -49.8882 -23.0766 -15.8132 0.0000 -10.9984
1 18 2 -50.3211 -23.5730 -15.7498 0.0000 -10.9984
1 18 3 -37.2916 -19.7673 -6.5260 0.0000 -10.9984
1 18 4 -49.8763 -24.7433 -14.1347 0.0000 -10.9984
1 18 5 -63.9025 -35.2024 -17.7017 0.0000 -10.9984
1 18 6 -53.2595 -35.0010 -7.2602 0.0000 -10.9984
1 18 7 -63.4817 -34.9920 -17.4913 0.0000 -10.9984
1 18 8 -39.2099 -21.3507 -6.8609 0.0000 -10.9984
1 18 9 -47.8474 -19.8577 -16.9914 0.0000 -10.9984
1 18 10 -50.3340 -21.9210 -17.4147 0.0000 -10.9984
1 18 11 -33.2349 -4.0162 -18.2203 0.0000 -10.9984
1 18 12 -43.8304 -19.1638 -13.6682 0.0000 -10.9984
1 18 13 -44.4679 -21.1062 -12.3633 0.0000 -10.9984
1 18 14 -42.9674 -20.4716 -11.4974 0.0000 -10.9984
1 18 15 -50.0299 -21.1016 -17.9299 0.0000 -10.9984
1 18 16 -47.4847 -21.4958 -14.9905 0.0000 -10.9984
1 18 17 -45.9614 -20.4812 -14.4818 0.0000 -10.9984
1 18 18 -39.7495 -18.2585 -10.4926 0.0000 -10.9984
1 18 19 -50.4937 -23.3972 -16.0982 0.0000 -10.9984
1 18 20 -51.6252 -21.9215 -18.7054 0.0000 -10.9984
1 18 21 -38.7436 -9.4138 -18.3315 0.0000 -10.9984
1 18 22 -46.8276 -21.0305 -14.7987 0.0000 -10.9984
1 18 23 -49.9861 -21.0803 -17.9075 0.0000 -10.9984
1 18 24 -43.9284 -20.1086 -12.8214 0.0000 -10.9984
1 18 25 -60.4592 -33.4819 -15.9790 0.0000 -10.9984
1 18 26 -47.1454 -19.4730 -16.6741 0.0000 -10.9984
1 18 27 -47.7144 -20.7715 -15.9446 0.0000 -10.9984
1 18 28 -48.3642 -20.1173 -17.2485 0.0000 -10.9984
1 18 29 -45.9441 -20.5603 -14.3854 0.0000 -10.9984
1 18 30 -44.5896 -20.5719 -13.0193 0.0000 -10.9984
1 18 31 -58.0966 -32.3037 -14.7946 0.0000 -10.9984
1 18 32 -40.0429 -18.0755 -10.9690 0.0000 -10.9984
1 18 33 -50.5099 -22.5889 -16.9227 0.0000 -10.9984
1 18 34 -41.6399 -19.1586 -11.4829 0.0000 -10.9984
1 18 35 -44.1186 -16.0299 -17.0903 0.0000 -10.9984
1 18 36 -52.5210 -24.3097 -17.2130 0.0000 -10.9984
1 18 37 -48.4409 -20.9293 -16.5132 0.0000 -10.9984
1 18 38 -49.7788 -21.9680 -16.8124 0.0000 -10.9984
1 18 39 -51.6346 -24.2957 -16.3405 0.0000 -10.9984
1 18 40 -51.3496 -23.4597 -16.8915 0.0000 -10.9984
1 18 41 -48.7078 -22.4367 -15.2727 0.0000 -10.9984
1 18 42 -46.1395 -20.4657 -14.6755 0.0000 -10.9984
1 18 43 -45.7859 -22.7555 -12.0320 0.0000 -10.9984
1 18 44 -45.2398 -19.6637 -14.5777 0.0000 -10.9984
1 18 45 -45.1357 -18.3629 -15.7745 0.0000 -10.9984
1 19 0 -50.5743 -22.6098 -11.8639 0.0000 -16.1006
1 19 1 -54.9904 -23.0766 -15.8132 0.0000 -16.1006
1 19 2 -45.0816 -23.5730 -5.4080 0.0000 -16.1006
1 19 3 -43.0866 -19.7673 -7.2187 0.0000 -16.1006
1 19 4 -44.6368 -24.7433 -3.7929 0.0000 -16.1006
1 19 5 -55.8804 -35.2024 -4.5774 0.0000 -16.1006
1 19 6 -58.3981 -35.0010 -7.2966 0.0000 -16.1006
1 19 7 -61.6752 -34.9920 -10.5825 0.0000 -16.1006
1 19 8 -42.1376 -21.3507 -4.6863 0.0000 -16.1006
1 19 9 -40.5406 -19.8577 -4.5823 0.0000 -16.1006
1 19 10 -44.2110 -21.9210 -6.1894 0.0000 -16.1006
1 19 11 -26.2309 -4.0162 -6.1140 0.0000 -16.1006
1 19 12 -37.7344 -19.1638 -2.4700 0.0000 -16.1006
1 19 13 -41.9687 -21.1062 -4.7619 0.0000 -16.1006
1 19 14 -45.6726 -20.4716 -9.1004 0.0000 -16.1006
1 19 15 -44.9662 -21.1016 -7.7640 0.0000 -16.1006
1 19 16 -44.2927 -21.4958 -6.6962 0.0000 -16.1006
1 19 17 -43.4622 -20.4812 -6.8804 0.0000 -16.1006
1 19 18 -44.8517 -18.2585 -10.4926 0.0000 -16.1006
1 19 19 -47.9946 -23.3972 -8.4968 0.0000 -16.1006
1 19 20 -42.0588 -21.9215 -4.0367 0.0000 -16.1006
1 19 21 -30.0066 -9.4138 -4.4923 0.0000 -16.1006
1 19 22 -40.8950 -21.0305 -3.7638 0.0000 -16.1006
1 19 23 -40.7564 -21.0803 -3.5755 0.0000 -16.1006
1 19 24 -49.0306 -20.1086 -12.8214 0.0000 -16.1006
1 19 25 -56.3510 -33.4819 -6.7685 0.0000 -16.1006
1 19 26 -37.6686 -19.4730 -2.0949 0.0000 -16.1006
1 19 27 -52.8167 -20.7715 -15.9446 0.0000 -16.1006
1 19 28 -40.7596 -20.1173 -4.5417 0.0000 -16.1006
1 19 29 -43.0396 -20.5603 -6.3787 0.0000 -16.1006
1 19 30 -42.7831 -20.5719 -6.1106 0.0000 -16.1006
1 19 31 -56.2901 -32.3037 -7.8859 0.0000 -16.1006
1 19 32 -45.1451 -18.0755 -10.9690 0.0000 -16.1006
1 19 33 -55.6122 -22.5889 -16.9227 0.0000 -16.1006
1 19 34 -46.7421 -19.1586 -11.4829 0.0000 -16.1006
1 19 35 -39.7481 -16.0299 -7.6175 0.0000 -16.1006
1 19 36 -48.2306 -24.3097 -7.8203 0.0000 -16.1006
1 19 37 -44.4381 -20.9293 -7.4082 0.0000 -16.1006
1 19 38 -44.8377 -21.9680 -6.7692 0.0000 -16.1006
1 19 39 -46.8333 -24.2957 -6.4370 0.0000 -16.1006
1 19 40 -46.6537 -23.4597 -7.0934 0.0000 -16.1006
1 19 41 -40.5358 -22.4367 -1.9985 0.0000 -16.1006
1 19 42 -39.2971 -20.4657 -2.7307 0.0000 -16.1006
1 19 43 -50.8881 -22.7555 -12.0320 0.0000 -16.1006
1 19 44 -40.1762 -19.6637 -4.4118 0.0000 -16.1006
1 19 45 -38.8416 -18.3629 -4.3781 0.0000 -16.1006
1 20 0 -40.6731 -22.6098 -11.8639 0.0020 -6.1994
1 20 1 -45.0892 -23.0766 -15.8132 0.0020 -6.1994
1 20 2 -33.1254 -23.5730 -3.3531 0.0020 -6.1994
1 20 3 -28.6430 -19.7673 -2.6764 0.0020 -6.1994
1 20 4 -33.9649 -24.7433 -3.0223 0.0020 -6.1994
1 20 5 -44.4109 -35.2024 -3.0091 0.0020 -6.1994
1 20 6 -44.4162 -35.0010 -3.2159 0.0020 -6.1994
1 20 7 -49.2099 -34.9920 -8.0185 0.0020 -6.1994
1 20 8 -30.7841 -21.3507 -3.2341 0.0020 -6.1994
1 20 9 -28.1835 -19.8577 -2.1264 0.0020 -6.1994
1 20 10 -29.7212 -21.9210 -1.6008 0.0020 -6.1994
1 20 11 -10.9601 -4.0162 -0.7445 0.0020 -6.1994
1 20 12 -39.0314 -19.1638 -13.6682 0.0020 -6.1994
1 20 13 -29.9278 -21.1062 -2.6222 0.0020 -6.1994
1 20 14 -28.8882 -20.4716 -2.2172 0.0020 -6.1994
1 20 15 -28.0994 -21.1016 -0.7984 0.0020 -6.1994
1 20 16 -28.9722 -21.4958 -1.2770 0.0020 -6.1994
1 20 17 -27.7093 -20.4812 -1.0287 0.0020 -6.1994
1 20 18 -34.9505 -18.2585 -10.4926 0.0020 -6.1994
1 20 19 -36.9951 -23.3972 -7.3985 0.0020 -6.1994
1 20 20 -30.2232 -21.9215 -2.1023 0.0020 -6.1994
1 20 21 -18.4548 -9.4138 -2.8417 0.0020 -6.1994
1 20 22 -30.4959 -21.0305 -3.2660 0.0020 -6.1994
1 20 23 -31.1517 -21.0803 -3.8720 0.0020 -6.1994
1 20 24 -39.1294 -20.1086 -12.8214 0.0020 -6.1994
1 20 25 -40.5590 -33.4819 -0.8778 0.0020 -6.1994
1 20 26 -31.5266 -19.4730 -5.8543 0.0020 -6.1994
1 20 27 -27.7798 -20.7715 -0.8089 0.0020 -6.1994
1 20 28 -30.7769 -20.1173 -4.4602 0.0020 -6.1994
1 20 29 -32.1577 -20.5603 -5.3981 0.0020 -6.1994
1 20 30 -32.8819 -20.5719 -6.1106 0.0020 -6.1994
1 20 31 -41.5071 -32.3037 -3.0040 0.0020 -6.1994
1 20 32 -27.2372 -18.0755 -2.9623 0.0020 -6.1994
1 20 33 -32.2046 -22.5889 -3.4164 0.0020 -6.1994
1 20 34 -29.2395 -19.1586 -3.8815 0.0020 -6.1994
1 20 35 -25.0161 -16.0299 -2.7868 0.0020 -6.1994
1 20 36 -33.9495 -24.3097 -3.4404 0.0020 -6.1994
1 20 37 -29.2150 -20.9293 -2.0863 0.0020 -6.1994
1 20 38 -30.8988 -21.9680 -2.7315 0.0020 -6.1994
1 20 39 -33.9956 -24.2957 -3.5005 0.0020 -6.1994
1 20 40 -33.0188 -23.4597 -3.3597 0.0020 -6.1994
1 20 41 -32.7243 -22.4367 -4.0883 0.0020 -6.1994
1 20 42 -31.0654 -20.4657 -4.4004 0.0020 -6.1994
1 20 43 -29.9682 -22.7555 -1.0133 0.0020 -6.1994
1 20 44 -28.7539 -19.6637 -2.8909 0.0020 -6.1994
1 20 45 -27.0337 -18.3629 -2.4715 0.0020 -6.1994
1 21 0 -52.8055 -22.6098 -11.8639 0.0000 -18.3317
1 21 1 -57.2216 -23.0766 -15.8132 0.0000 -18.3317
1 21 2 -44.6923 -23.5730 -2.7876 0.0000 -18.3317
1 21 3 -39.2206 -19.7673 -1.1216 0.0000 -18.3317
1 21 4 -46.4101 -24.7433 -3.3351 0.0000 -18.3317
1 21 5 -55.5966 -35.2024 -2.0625 0.0000 -18.3317
1 21 6 -54.9334 -35.0010 -1.6007 0.0000 -18.3317
1 21 7 -59.8129 -34.9920 -6.4891 0.0000 -18.3317
1 21 8 -42.0594 -21.3507 -2.3770 0.0000 -18.3317
1 21 9 -40.0242 -19.8577 -1.8348 0.0000 -18.3317
1 21 10 -44.5879 -21.9210 -4.3352 0.0000 -18.3317
1 21 11 -24.5507 -4.0162 -2.2027 0.0000 -18.3317
1 21 12 -51.1638 -19.1638 -13.6682 0.0000 -18.3317
1 21 13 -41.0016 -21.1062 -1.5637 0.0000 -18.3317
1 21 14 -40.7025 -20.4716 -1.8992 0.0000 -18.3317
1 21 15 -42.7253 -21.1016 -3.2920 0.0000 -18.3317
1 21 16 -43.8849 -21.4958 -4.0574 0.0000 -18.3317
1 21 17 -43.2959 -20.4812 -4.4830 0.0000 -18.3317
1 21 18 -47.0828 -18.2585 -10.4926 0.0000 -18.3317
1 21 19 -48.9733 -23.3972 -7.2444 0.0000 -18.3317
1 21 20 -44.8838 -21.9215 -4.6306 0.0000 -18.3317
1 21 21 -28.7215 -9.4138 -0.9760 0.0000 -18.3317
1 21 22 -40.6452 -21.0305 -1.2830 0.0000 -18.3317
1 21 23 -45.2022 -21.0803 -5.7902 0.0000 -18.3317
1 21 24 -51.2618 -20.1086 -12.8214 0.0000 -18.3317
1 21 25 -54.0769 -33.4819 -2.2633 0.0000 -18.3317
1 21 26 -44.9319 -19.4730 -7.1272 0.0000 -18.3317
1 21 27 -42.1288 -20.7715 -3.0256 0.0000 -18.3317
1 21 28 -43.4238 -20.1173 -4.9748 0.0000 -18.3317
1 21 29 -53.2774 -20.5603 -14.3854 0.0000 -18.3317
1 21 30 -51.9230 -20.5719 -13.0193 0.0000 -18.3317
1 21 31 -54.3175 -32.3037 -3.6821 0.0000 -18.3317
1 21 32 -39.7748 -18.0755 -3.3676 0.0000 -18.3317
